0:
  angle_error_deg: -2.7314421121781134
  angle_error_rad: -0.047672658185136385
  steer_point: [0.21368200498703258, 0.12565632355970122]
  wheel_offset: -0.02050273435872983
  wheel_radius: 0.05518169647824758
1:
  angle_error_deg: -2.7578264726595862
  angle_error_rad: -0.048133152146571156
  steer_point: [0.21686344731886792, -0.12604440216784352]
  wheel_offset: -0.020612468000448456
  wheel_radius: 0.05605602495804155
2:
  angle_error_deg: 3.3776593562959754
  angle_error_rad: 0.058951276778157036
  steer_point: [-0.21553794417668945, -0.12257439377468439]
  wheel_offset: -0.021019600421956195
  wheel_radius: 0.05532958940623831
3:
  angle_error_deg: 0.030077255299766056
  angle_error_rad: 0.0005249471349438317
  steer_point: [-0.21492627871741904, 0.12727021249367326]
  wheel_offset: -0.020638715781539814
  wheel_radius: 0.056239755819997184
