0:
  angle_error_deg: 1.7627760825877417
  angle_error_rad: 0.030766246616563575
  steer_point: [0.21610660474503862, 0.12715684622085305]
  wheel_offset: -0.020574331228376992
  wheel_radius: 0.055654994524002625
1:
  angle_error_deg: 1.5071249214587699
  angle_error_rad: 0.026304292118316475
  steer_point: [0.2161184199406314, -0.12481879290401217]
  wheel_offset: -0.020143626817290552
  wheel_radius: 0.055622790254111945
2:
  angle_error_deg: 1.4888066435767238
  angle_error_rad: 0.025984577855979518
  steer_point: [-0.21654256650485645, -0.1249357548082755]
  wheel_offset: -0.019751820472699744
  wheel_radius: 0.055876903664744335
3:
  angle_error_deg: 2.4398783986489923
  angle_error_rad: 0.04258391140471168
  steer_point: [-0.21591819447193572, 0.1267203957401356]
  wheel_offset: -0.02017753174240327
  wheel_radius: 0.05558537518913924
