0:
  angle_error_deg: 2.5444437451708134e-14
  angle_error_rad: 4.440892098500626e-16
  steer_point: [0.21500000000000002, 0.12500000000000003]
  wheel_offset: -0.020000000000000025
  wheel_radius: 0.05500000000000022
1:
  angle_error_deg: 1.2722218725854067e-14
  angle_error_rad: 2.220446049250313e-16
  steer_point: [0.21500000000000002, -0.12499999999999997]
  wheel_offset: -0.020000000000000028
  wheel_radius: 0.05499999999999812
2:
  angle_error_deg: 1.2722218725854067e-14
  angle_error_rad: 2.220446049250313e-16
  steer_point: [-0.21499999999999997, -0.12499999999999997]
  wheel_offset: -0.020000000000000028
  wheel_radius: 0.054999999999998536
3:
  angle_error_deg: 2.5444437451708134e-14
  angle_error_rad: 4.440892098500626e-16
  steer_point: [-0.21499999999999997, 0.12500000000000003]
  wheel_offset: -0.020000000000000025
  wheel_radius: 0.055000000000002304
