0:
  angle_error_deg: 0.6345589372945672
  angle_error_rad: 0.011075142753746436
  steer_point: [0.21616319735344808, 0.12696087645122453]
  wheel_offset: -0.020390852256954504
  wheel_radius: 0.0539580704261896
1:
  angle_error_deg: 1.5260223950852512
  angle_error_rad: 0.026634115253407364
  steer_point: [0.21652250365047404, -0.12474095105048753]
  wheel_offset: -0.020222677480840542
  wheel_radius: 0.05547583783640327
2:
  angle_error_deg: 0.9732931770006409
  angle_error_rad: 0.01698717052585713
  steer_point: [-0.21621728619563035, -0.12526054766929934]
  wheel_offset: -0.020309922329828783
  wheel_radius: 0.05596050077555136
3:
  angle_error_deg: 1.214965482362884
  angle_error_rad: 0.02120514796531342
  steer_point: [-0.2166673263848399, 0.1264721097949767]
  wheel_offset: -0.02028983449958663
  wheel_radius: 0.05563474555642048
