0:
  angle_error_deg: 0.18030880549211814
  angle_error_rad: 0.003146982326175496
  steer_point: [0.21532924790206243, 0.12676952582656228]
  wheel_offset: -0.02068682679000247
  wheel_radius: 0.053867296999080425
1:
  angle_error_deg: 2.639041182657726
  angle_error_rad: 0.0460599577331024
  steer_point: [0.2161595086493894, -0.12407867772650774]
  wheel_offset: -0.020628570457962004
  wheel_radius: 0.05520644059122579
2:
  angle_error_deg: 1.16320444958846
  angle_error_rad: 0.020301747519167024
  steer_point: [-0.21645392155519677, -0.12557599759986302]
  wheel_offset: -0.020095325302867034
  wheel_radius: 0.055998821922796864
3:
  angle_error_deg: 1.0328827986286984
  angle_error_rad: 0.01802720562328436
  steer_point: [-0.21632661725429075, 0.12631813942826634]
  wheel_offset: -0.02027852165024569
  wheel_radius: 0.05556314953309111
