0:
  angle_error_deg: 0.6244746583835652
  angle_error_rad: 0.010899138884060022
  steer_point: [0.2161663596670031, 0.1269594880092398]
  wheel_offset: -0.02039313544333689
  wheel_radius: 0.05395967948190675
1:
  angle_error_deg: 1.5219008521721236
  angle_error_rad: 0.02656218075931105
  steer_point: [0.2165211879733678, -0.12473977603647644]
  wheel_offset: -0.020221259907180145
  wheel_radius: 0.0553035553030594
2:
  angle_error_deg: 0.9379260351938562
  angle_error_rad: 0.016369897454309
  steer_point: [-0.21624027871131835, -0.12524128843939988]
  wheel_offset: -0.020312650290193374
  wheel_radius: 0.055960657015139276
3:
  angle_error_deg: 1.2048175001252202
  angle_error_rad: 0.021028032262832286
  steer_point: [-0.21666568651841317, 0.12647094033315787]
  wheel_offset: -0.020290839755839195
  wheel_radius: 0.05561738283996635
