0:
  angle_error_deg: 0.16239205184097572
  angle_error_rad: 0.0028342759836943454
  steer_point: [0.21530324330147355, 0.1267586333651444]
  wheel_offset: -0.020695576612559063
  wheel_radius: 0.05386089675865575
1:
  angle_error_deg: 2.3600422998713784
  angle_error_rad: 0.0411905086190949
  steer_point: [0.21614013740346502, -0.12414724985610599]
  wheel_offset: -0.02050431917653421
  wheel_radius: 0.055385455304561064
2:
  angle_error_deg: 1.082361796979534
  angle_error_rad: 0.018890777055095287
  steer_point: [-0.21634954180789784, -0.1254875155460308]
  wheel_offset: -0.020155344892766127
  wheel_radius: 0.05598158580869306
3:
  angle_error_deg: 0.8624610800270452
  angle_error_rad: 0.015052785516778244
  steer_point: [-0.2163932169152231, 0.12630983886501446]
  wheel_offset: -0.020205961140345008
  wheel_radius: 0.055584064827701826
