0:
  angle_error_deg: 1.6940539930228866
  angle_error_rad: 0.029566819884806417
  steer_point: [0.21659546652868467, 0.12551826089236082]
  wheel_offset: -0.019764404388917876
  wheel_radius: 0.05369180727766077
1:
  angle_error_deg: -3.926205417168213
  angle_error_rad: -0.06852521163922282
  steer_point: [0.21386559719971804, -0.12611832290303432]
  wheel_offset: -0.015560437956406794
  wheel_radius: 0.06221338101929396
2:
  angle_error_deg: 2.0759711270627035
  angle_error_rad: 0.03623253134358173
  steer_point: [-0.2150601647597062, -0.11651772338764013]
  wheel_offset: -0.021898051963743958
  wheel_radius: 0.06319082152515704
3:
  angle_error_deg: -1.2887033278616664
  angle_error_rad: -0.022492116152594055
  steer_point: [-0.21529995080673264, 0.13449012049841036]
  wheel_offset: -0.020948449389775026
  wheel_radius: 0.04850845303245251
