0:
  angle_error_deg: 1.6216612377432478
  angle_error_rad: 0.02830332795058621
  steer_point: [0.21607883044348428, 0.1271419222669945]
  wheel_offset: -0.02057739365873884
  wheel_radius: 0.05564413426360831
1:
  angle_error_deg: 1.5172787299557349
  angle_error_rad: 0.026481509508205492
  steer_point: [0.21616877143243451, -0.12474104721876526]
  wheel_offset: -0.02019247076569038
  wheel_radius: 0.05561840764616055
2:
  angle_error_deg: 1.456528477772486
  angle_error_rad: 0.025421217586190925
  steer_point: [-0.21652554892945475, -0.12494858460895378]
  wheel_offset: -0.019784454131787584
  wheel_radius: 0.055882111080714655
3:
  angle_error_deg: 2.3416570693006324
  angle_error_rad: 0.04086962581189707
  steer_point: [-0.21592017307912303, 0.1267950632466343]
  wheel_offset: -0.020222625232740682
  wheel_radius: 0.05559059437157647
