0:
  angle_error_deg: 2.19139467381195
  angle_error_rad: 0.03824705226868569
  steer_point: [0.21691066485032315, 0.12715426139577046]
  wheel_offset: -0.020260360645758244
  wheel_radius: 0.05572549328461268
1:
  angle_error_deg: 1.7776443003343882
  angle_error_rad: 0.031025745970146013
  steer_point: [0.21637176737171884, -0.12503006203812408]
  wheel_offset: -0.01995415853057968
  wheel_radius: 0.05567426082445357
2:
  angle_error_deg: 1.3627868765011932
  angle_error_rad: 0.02378511799791516
  steer_point: [-0.2161795780367468, -0.12455768834704671]
  wheel_offset: -0.019889296316306603
  wheel_radius: 0.05584838646637496
3:
  angle_error_deg: 1.8248011794036394
  angle_error_rad: 0.03184878877486924
  steer_point: [-0.2159207589356773, 0.12719007850361735]
  wheel_offset: -0.020597887989188407
  wheel_radius: 0.055631376042558515
