0:
  angle_error_deg: 1.6366718209284281
  angle_error_rad: 0.028565312049812108
  steer_point: [0.2160825909447733, 0.12714932958758188]
  wheel_offset: -0.020575210593190278
  wheel_radius: 0.05564507842285363
1:
  angle_error_deg: 1.506954106465384
  angle_error_rad: 0.02630131083427012
  steer_point: [0.2161729799211922, -0.12474746051162486]
  wheel_offset: -0.020185024485577664
  wheel_radius: 0.05561992499908811
2:
  angle_error_deg: 1.4667803377730568
  angle_error_rad: 0.02560014629765439
  steer_point: [-0.21652421695241877, -0.12494207753973141]
  wheel_offset: -0.01979166699977078
  wheel_radius: 0.055881560297450075
3:
  angle_error_deg: 2.3172811099261508
  angle_error_rad: 0.04044418506247999
  steer_point: [-0.21592387403429203, 0.12680085614249115]
  wheel_offset: -0.020222469624542355
  wheel_radius: 0.05559067509132285
