0:
  angle_error_deg: 0.6350895941686062
  angle_error_rad: 0.011084404463396758
  steer_point: [0.21616326204300884, 0.12696098805960704]
  wheel_offset: -0.020390785119243547
  wheel_radius: 0.05395817143312287
1:
  angle_error_deg: 1.5258919836916267
  angle_error_rad: 0.026631839145206504
  steer_point: [0.2165222780970864, -0.12474126573731416]
  wheel_offset: -0.020222673389139308
  wheel_radius: 0.05547592171893875
2:
  angle_error_deg: 0.9711116771333368
  angle_error_rad: 0.016949096170540856
  steer_point: [-0.21621818675729543, -0.12526050696370924]
  wheel_offset: -0.020309358274553498
  wheel_radius: 0.05596060691015282
3:
  angle_error_deg: 1.2153676851823008
  angle_error_rad: 0.021212167728773046
  steer_point: [-0.21666701965094246, 0.12647221305048878]
  wheel_offset: -0.020289607706546666
  wheel_radius: 0.055634739193251105
