0:
  angle_error_deg: 4.232552238546492
  angle_error_rad: 0.07387197232529275
  steer_point: [0.21689754349915244, 0.12624400349375228]
  wheel_offset: -0.02050036088950365
  wheel_radius: 0.05659900417148352
1:
  angle_error_deg: 3.0676854771245905
  angle_error_rad: 0.0535412119914373
  steer_point: [0.2164632686458908, -0.12451177377529236]
  wheel_offset: -0.021098426468405332
  wheel_radius: 0.055857806679157615
2:
  angle_error_deg: 0.5725421694595241
  angle_error_rad: 0.009992745963580019
  steer_point: [-0.2173051873161677, -0.1249494933785219]
  wheel_offset: -0.020030856292312483
  wheel_radius: 0.055005224955325074
3:
  angle_error_deg: 4.675760960286808
  angle_error_rad: 0.08160742379321662
  steer_point: [-0.21559174992360358, 0.1256085720961009]
  wheel_offset: -0.019598343890513972
  wheel_radius: 0.05524861556536922
