0:
  angle_error_deg: 1.3220127368442443
  angle_error_rad: 0.023073475011233413
  steer_point: [0.21485011786884975, 0.12649184532382643]
  wheel_offset: -0.020651150171963218
  wheel_radius: 0.05650631966278696
1:
  angle_error_deg: 2.0632132416488442
  angle_error_rad: 0.03600986423751773
  steer_point: [0.21614320288276678, -0.12486057080516348]
  wheel_offset: -0.019669530133657204
  wheel_radius: 0.056134803720402984
2:
  angle_error_deg: 2.6181701171700564
  angle_error_rad: 0.0456956889219432
  steer_point: [-0.21636203555095757, -0.12387176554074127]
  wheel_offset: -0.02038445337585321
  wheel_radius: 0.055113773749638204
3:
  angle_error_deg: 3.551079387361313
  angle_error_rad: 0.061978027309158024
  steer_point: [-0.2148776443303505, 0.12696753080506545]
  wheel_offset: -0.02076904043614362
  wheel_radius: 0.0553834001793214
