0:
  angle_error_deg: 0.9976675508773478
  angle_error_rad: 0.01741258360311776
  steer_point: [0.21376935107345377, 0.12573142661693582]
  wheel_offset: -0.020632274929054638
  wheel_radius: 0.05637581863364296
1:
  angle_error_deg: 1.446907726426169
  angle_error_rad: 0.025253303798682014
  steer_point: [0.21667731898170584, -0.12572770288912719]
  wheel_offset: -0.01814480739483502
  wheel_radius: 0.056292555920658446
2:
  angle_error_deg: 6.211461922352934
  angle_error_rad: 0.10841046190731507
  steer_point: [-0.21552522551996026, -0.12381203347526237]
  wheel_offset: -0.020183850730676575
  wheel_radius: 0.05507001970794423
3:
  angle_error_deg: 9.339979325271047
  angle_error_rad: 0.1630133912941782
  steer_point: [-0.2126950832222477, 0.12641259887404935]
  wheel_offset: -0.021436020948023764
  wheel_radius: 0.055197588475813505
