0:
  angle_error_deg: 2.302932192959984
  angle_error_rad: 0.0401937492173251
  steer_point: [0.2153127338041866, 0.12624014500187422]
  wheel_offset: -0.02065632716362232
  wheel_radius: 0.05662689587583307
1:
  angle_error_deg: 1.8029952845371422
  angle_error_rad: 0.031468204113105136
  steer_point: [0.21582321899740653, -0.12526509187414117]
  wheel_offset: -0.019512759243894645
  wheel_radius: 0.05626700054639298
2:
  angle_error_deg: 3.5477697548479794
  angle_error_rad: 0.0619202633247693
  steer_point: [-0.21616672876899454, -0.12364826939761618]
  wheel_offset: -0.020054121027365937
  wheel_radius: 0.055027313852749546
3:
  angle_error_deg: 3.9580558457333903
  angle_error_rad: 0.06908110648585641
  steer_point: [-0.21465016314259155, 0.1268866743758922]
  wheel_offset: -0.02081811573996722
  wheel_radius: 0.05545165266968915
