0:
  angle_error_deg: 6.352336888864166
  angle_error_rad: 0.1108691939065728
  steer_point: [0.21715578278508688, 0.1277439693020634]
  wheel_offset: -0.020299080342849104
  wheel_radius: 0.05693802681009576
1:
  angle_error_deg: 2.4486406298797156
  angle_error_rad: 0.04273684118950888
  steer_point: [0.2150279746722423, -0.12506229135765234]
  wheel_offset: -0.020403123445601613
  wheel_radius: 0.05613895982771257
2:
  angle_error_deg: 1.579000435558675
  angle_error_rad: 0.02755875649092343
  steer_point: [-0.2164249988572884, -0.12445353090692425]
  wheel_offset: -0.019835596990558927
  wheel_radius: 0.05503763588653389
3:
  angle_error_deg: 1.8022356604388634
  angle_error_rad: 0.03145494617151268
  steer_point: [-0.2165557097438421, 0.12677357040164086]
  wheel_offset: -0.02069081716980134
  wheel_radius: 0.05551277870949144
