0:
  angle_error_deg: 2.1581956687570014
  angle_error_rad: 0.03766762032209059
  steer_point: [0.21604116543989454, 0.1264404167529289]
  wheel_offset: -0.020545858180014507
  wheel_radius: 0.05651058786132535
1:
  angle_error_deg: 2.460196312549739
  angle_error_rad: 0.042938525899416435
  steer_point: [0.21595668812410526, -0.12459559347069973]
  wheel_offset: -0.020237384086164188
  wheel_radius: 0.05606613340779858
2:
  angle_error_deg: 1.6704300133117755
  angle_error_rad: 0.029154503656423192
  steer_point: [-0.21660680389858475, -0.12398112080317661]
  wheel_offset: -0.020131552852190527
  wheel_radius: 0.055066184846806684
3:
  angle_error_deg: 2.4474553169081696
  angle_error_rad: 0.0427161535754888
  steer_point: [-0.21528269496565414, 0.127101834133664]
  wheel_offset: -0.020430078499821733
  wheel_radius: 0.055417764566244365
