0:
  angle_error_deg: -0.5788317006876984
  angle_error_rad: -0.010102518991918663
  steer_point: [0.21553169197048777, 0.12724839378655342]
  wheel_offset: -0.02158344529974575
  wheel_radius: 0.0556823606916062
1:
  angle_error_deg: 2.641725102950566
  angle_error_rad: 0.04610680097907355
  steer_point: [0.21712150489627416, -0.12380123526591279]
  wheel_offset: -0.01995942652974895
  wheel_radius: 0.05658980245255835
2:
  angle_error_deg: 4.83591124924542
  angle_error_rad: 0.08440257363356474
  steer_point: [-0.21561371200584795, -0.12465832053695594]
  wheel_offset: -0.02056662761589067
  wheel_radius: 0.05745153096078893
3:
  angle_error_deg: 0.6637950380486384
  angle_error_rad: 0.011585408972349776
  steer_point: [-0.21571315941334704, 0.12712979219745912]
  wheel_offset: -0.02000872769535798
  wheel_radius: 0.05675784956560055
