0:
  angle_error_deg: 4.232552238546492
  angle_error_rad: 0.07387197232529275
  steer_point: [216.89754349915245, 126.24400349375227]
  wheel_offset: 20.50036088950365
  wheel_radius: 56.59900417148352
1:
  angle_error_deg: 3.0676854771245905
  angle_error_rad: 0.0535412119914373
  steer_point: [216.4632686458908, -124.51177377529237]
  wheel_offset: 21.098426468405332
  wheel_radius: 55.85780667915761
2:
  angle_error_deg: 0.5725421694595241
  angle_error_rad: 0.009992745963580019
  steer_point: [-217.3051873161677, -124.94949337852191]
  wheel_offset: 20.03085629231248
  wheel_radius: 55.005224955325076
3:
  angle_error_deg: 4.675760960286808
  angle_error_rad: 0.08160742379321662
  steer_point: [-215.59174992360357, 125.6085720961009]
  wheel_offset: 19.598343890513974
  wheel_radius: 55.24861556536922
