0:
  angle_error_deg: 2.60945253986743
  angle_error_rad: 0.04554353849521525
  steer_point: [0.2169997217408832, 0.12548551893957668]
  wheel_offset: -0.020591472549796555
  wheel_radius: 0.05674948301380192
1:
  angle_error_deg: 1.648745305886041
  angle_error_rad: 0.02877603411451246
  steer_point: [0.21548479745664476, -0.1254977923496974]
  wheel_offset: -0.02008568673514145
  wheel_radius: 0.056246074716560936
2:
  angle_error_deg: -0.4907688660034012
  angle_error_rad: -0.008565532578038215
  steer_point: [-0.21728839122541227, -0.1248948502150277]
  wheel_offset: -0.019461516138228715
  wheel_radius: 0.05548199068730557
3:
  angle_error_deg: 2.5241424943258988
  angle_error_rad: 0.04405459731548922
  steer_point: [-0.21545902445033616, 0.12791682503573676]
  wheel_offset: -0.02025738247181455
  wheel_radius: 0.055689204581851115
