0:
  angle_error_deg: 1.6910125808716703
  angle_error_rad: 0.02951373722885753
  steer_point: [0.21630094346655707, 0.12687369536080922]
  wheel_offset: -0.020699556644271134
  wheel_radius: 0.05579064338200151
1:
  angle_error_deg: 2.309655335346013
  angle_error_rad: 0.04031109018804169
  steer_point: [0.21642138151569876, -0.12451367220032616]
  wheel_offset: -0.020161713464867014
  wheel_radius: 0.05663581606616084
2:
  angle_error_deg: 2.0784109990007424
  angle_error_rad: 0.03627511514222753
  steer_point: [-0.216223557846419, -0.1248512798056186]
  wheel_offset: -0.0199050703915478
  wheel_radius: 0.05749766683680841
3:
  angle_error_deg: 2.6038258040689057
  angle_error_rad: 0.045445333429391166
  steer_point: [-0.21564869365311057, 0.12710017005931962]
  wheel_offset: -0.02041202357130161
  wheel_radius: 0.05676206647818689
