0:
  angle_error_deg: 1.6826102273215517
  angle_error_rad: 0.029367088494491322
  steer_point: [0.21617482729600968, 0.1269156420942234]
  wheel_offset: -0.020514119176369642
  wheel_radius: 0.05669378715333552
1:
  angle_error_deg: 2.376197571435644
  angle_error_rad: 0.041472471299445146
  steer_point: [0.21627091953621994, -0.12477166631718833]
  wheel_offset: -0.020007288396810978
  wheel_radius: 0.056234532179143454
2:
  angle_error_deg: 2.0599232870638793
  angle_error_rad: 0.03595244369776901
  steer_point: [-0.21647819611728314, -0.12461133854120812]
  wheel_offset: -0.019931208988894247
  wheel_radius: 0.055153073735750915
3:
  angle_error_deg: 2.263695346898164
  angle_error_rad: 0.03950893706544817
  steer_point: [-0.215846012533421, 0.126993033059431]
  wheel_offset: -0.02051388552619675
  wheel_radius: 0.055502419890165286
