0:
  angle_error_deg: 1.62318020419416
  angle_error_rad: 0.028329838916381966
  steer_point: [0.21631828346107557, 0.12691729936322074]
  wheel_offset: -0.020624538409629984
  wheel_radius: 0.05667163517792883
1:
  angle_error_deg: 1.8212825281324445
  angle_error_rad: 0.031787376724957406
  steer_point: [0.21626359056867658, -0.1246039418227191]
  wheel_offset: -0.020077441716107165
  wheel_radius: 0.05612638112345158
2:
  angle_error_deg: 2.1452327504164312
  angle_error_rad: 0.03744137471638048
  steer_point: [-0.21640621751904862, -0.12467153228370734]
  wheel_offset: -0.019832102088390566
  wheel_radius: 0.05517488194535143
3:
  angle_error_deg: 2.5910756627329605
  angle_error_rad: 0.0452228014829843
  steer_point: [-0.21567915302576202, 0.12708737047435978]
  wheel_offset: -0.02047857052348315
  wheel_radius: 0.055532821927171364
