0:
  angle_error_deg: 1.519825513766946
  angle_error_rad: 0.026525959271047617
  steer_point: [0.21537573285459838, 0.1263913475660741]
  wheel_offset: -0.020604226035471594
  wheel_radius: 0.056567858794188665
1:
  angle_error_deg: 2.3689666243465104
  angle_error_rad: 0.04134626746470227
  steer_point: [0.21575393304579768, -0.12425700070543631]
  wheel_offset: -0.020355506020897224
  wheel_radius: 0.056068174187842164
2:
  angle_error_deg: 0.24853003966777187
  angle_error_rad: 0.004337667482314733
  steer_point: [-0.21696057030694735, -0.12447563287635667]
  wheel_offset: -0.02038378018733684
  wheel_radius: 0.0552085902853581
3:
  angle_error_deg: 1.4542757886093105
  angle_error_rad: 0.025381900743269514
  steer_point: [-0.21548659739535544, 0.12708012067179056]
  wheel_offset: -0.02039661800460728
  wheel_radius: 0.05553990560962496
