0:
  angle_error_deg: 1.6947946796364384
  angle_error_rad: 0.029579747304938342
  steer_point: [0.21618798648410303, 0.12687220043578215]
  wheel_offset: -0.020484737678853532
  wheel_radius: 0.05664395328065175
1:
  angle_error_deg: 2.1012735189292497
  angle_error_rad: 0.0366741413902828
  steer_point: [0.21624289484537434, -0.12461644533959038]
  wheel_offset: -0.020174871464483837
  wheel_radius: 0.0561050636026927
2:
  angle_error_deg: 1.4270022212011564
  angle_error_rad: 0.024905887193232612
  steer_point: [-0.21647976123577573, -0.12488324339918384]
  wheel_offset: -0.01987618099968772
  wheel_radius: 0.05518586251540168
3:
  angle_error_deg: 2.1800258735589084
  angle_error_rad: 0.03804862927226854
  steer_point: [-0.21582588785024304, 0.12708469292396368]
  wheel_offset: -0.020537608545021936
  wheel_radius: 0.055543239652740745
