0:
  angle_error_deg: -0.5788317006876984
  angle_error_rad: -0.010102518991918663
  steer_point: [215.53169197048777, 127.24839378655342]
  wheel_offset: 21.583445299745748
  wheel_radius: 55.682360691606206
1:
  angle_error_deg: 2.641725102950566
  angle_error_rad: 0.04610680097907355
  steer_point: [217.12150489627416, -123.8012352659128]
  wheel_offset: 19.95942652974895
  wheel_radius: 56.58980245255835
2:
  angle_error_deg: 4.83591124924542
  angle_error_rad: 0.08440257363356474
  steer_point: [-215.61371200584796, -124.65832053695594]
  wheel_offset: 20.56662761589067
  wheel_radius: 57.45153096078893
3:
  angle_error_deg: 0.6637950380486384
  angle_error_rad: 0.011585408972349776
  steer_point: [-215.71315941334703, 127.12979219745911]
  wheel_offset: 20.00872769535798
  wheel_radius: 56.75784956560055
