0:
  angle_error: 0.07387197232529275
  steer_point: [216.89754349915245, 126.24400349375227]
  wheel_offset: 20.50036088950365
1:
  angle_error: 0.0535412119914373
  steer_point: [216.4632686458908, -124.51177377529237]
  wheel_offset: 21.098426468405332
2:
  angle_error: 0.009992745963580019
  steer_point: [-217.3051873161677, -124.94949337852191]
  wheel_offset: 20.03085629231248
3:
  angle_error: 0.08160742379321662
  steer_point: [-215.59174992360357, 125.6085720961009]
  wheel_offset: 19.598343890513974
