0:
  angle_error_deg: 20.97626860928485
  angle_error_rad: 0.3661049520147527
  steer_point: [0.2213053155100914, 0.13905958984192351]
  wheel_offset: -0.021031861008426942
  wheel_radius: 0.05806507275967592
1:
  angle_error_deg: 0.23524845252963086
  angle_error_rad: 0.004105860056863642
  steer_point: [0.2172546463907117, -0.12356977159832826]
  wheel_offset: -0.021112590377356237
  wheel_radius: 0.05632322569507021
2:
  angle_error_deg: -4.936650463647492
  angle_error_rad: -0.08616080461075337
  steer_point: [-0.21817177070551333, -0.1248345996851349]
  wheel_offset: -0.019866043010895864
  wheel_radius: 0.05498919081582048
3:
  angle_error_deg: -1.723840739333775
  angle_error_rad: -0.030086696681387692
  steer_point: [-0.2156245231127733, 0.12970737337321722]
  wheel_offset: -0.023087983851415007
  wheel_radius: 0.055080894699188185
