0:
  angle_error_deg: -2.755711239938307
  angle_error_rad: -0.04809623437113891
  steer_point: [0.21358478776578266, 0.12010304868684456]
  wheel_offset: -0.02092209839357232
  wheel_radius: 0.056062749465917855
1:
  angle_error_deg: 2.130565141782343
  angle_error_rad: 0.03718537665232169
  steer_point: [0.21725544876776978, -0.12591798605160476]
  wheel_offset: -0.018992196241089644
  wheel_radius: 0.0566538933548259
2:
  angle_error_deg: -11.389056914745654
  angle_error_rad: -0.1987765418593388
  steer_point: [-0.22077697199932306, -0.12638440322078723]
  wheel_offset: -0.023303729201904547
  wheel_radius: 0.05690260160905069
3:
  angle_error_deg: 3.051979814740415
  angle_error_rad: 0.05326709647162681
  steer_point: [-0.20654191853650347, 0.13239132743119492]
  wheel_offset: -0.02573453346126379
  wheel_radius: 0.05600637586927299
