0:
  angle_error_deg: 1.6910125808716703
  angle_error_rad: 0.02951373722885753
  steer_point: [216.30094346655707, 126.87369536080924]
  wheel_offset: 20.699556644271134
  wheel_radius: 55.790643382001505
1:
  angle_error_deg: 2.309655335346013
  angle_error_rad: 0.04031109018804169
  steer_point: [216.42138151569876, -124.51367220032617]
  wheel_offset: 20.161713464867013
  wheel_radius: 56.63581606616084
2:
  angle_error_deg: 2.0784109990007424
  angle_error_rad: 0.03627511514222753
  steer_point: [-216.223557846419, -124.85127980561859]
  wheel_offset: 19.905070391547802
  wheel_radius: 57.49766683680841
3:
  angle_error_deg: 2.6038258040689057
  angle_error_rad: 0.045445333429391166
  steer_point: [-215.64869365311057, 127.10017005931962]
  wheel_offset: 20.41202357130161
  wheel_radius: 56.762066478186895
