0:
  angle_error_deg: 1.9060283526375048
  angle_error_rad: 0.033266470389888
  steer_point: [0.21683520747669704, 0.12719558865089722]
  wheel_offset: -0.020364219645371117
  wheel_radius: 0.05673060734953303
1:
  angle_error_deg: 2.0466645071628804
  angle_error_rad: 0.03572103433369933
  steer_point: [0.21649750012060448, -0.12482897956492195]
  wheel_offset: -0.020166842025491658
  wheel_radius: 0.05615319063133092
2:
  angle_error_deg: 1.2881625408479604
  angle_error_rad: 0.02248267763865286
  steer_point: [-0.2161496618580994, -0.12465898834004362]
  wheel_offset: -0.019816627656543937
  wheel_radius: 0.055148702506908
3:
  angle_error_deg: 2.0428267762561636
  angle_error_rad: 0.035654053293571575
  steer_point: [-0.21582954124426465, 0.1272286100344838]
  wheel_offset: -0.020685628278776933
  wheel_radius: 0.05555695848509455
