0:
  angle_error_deg: 1.0722825953202493
  angle_error_rad: 0.018714861800168292
  steer_point: [0.21655454410990632, 0.12562436518437692]
  wheel_offset: -0.020446854490731244
  wheel_radius: 0.056688853001392016
1:
  angle_error_deg: 1.6527499522467242
  angle_error_rad: 0.02884592837888439
  steer_point: [0.2155153886861614, -0.1252369896514067]
  wheel_offset: -0.020342779956231603
  wheel_radius: 0.05614494925850149
2:
  angle_error_deg: -0.8883051741597141
  angle_error_rad: -0.015503850051588663
  steer_point: [-0.21733423861182402, -0.12492601889430614]
  wheel_offset: -0.01951813168022934
  wheel_radius: 0.05547480236885625
3:
  angle_error_deg: 2.715953460209201
  angle_error_rad: 0.047402330211583354
  steer_point: [-0.21536561430256151, 0.1278262821541093]
  wheel_offset: -0.02012035502533955
  wheel_radius: 0.055694216872395834
