0:
  angle_error_deg: 4.48834946518737
  angle_error_rad: 0.07833647614764622
  steer_point: [0.21681570823327, 0.12571056522566462]
  wheel_offset: -0.019757704472551717
  wheel_radius: 0.05661189837781903
1:
  angle_error_deg: 1.387734522526706
  angle_error_rad: 0.024220536561682438
  steer_point: [0.2154874737753669, -0.1246527493275192]
  wheel_offset: -0.020830884122006413
  wheel_radius: 0.05586499281780367
2:
  angle_error_deg: 0.7226091612199612
  angle_error_rad: 0.012611909068362848
  steer_point: [-0.21672724959635348, -0.12555352452385343]
  wheel_offset: -0.019973256547854628
  wheel_radius: 0.055313480023037175
3:
  angle_error_deg: 4.129993317186018
  angle_error_rad: 0.07208198147025852
  steer_point: [-0.21460620812375886, 0.1276882962780936]
  wheel_offset: -0.020487219678696107
  wheel_radius: 0.05543342224210074
