0:
  angle_error_deg: 4.48834946518737
  angle_error_rad: 0.07833647614764622
  steer_point: [216.81570823327002, 125.71056522566461]
  wheel_offset: 19.75770447255172
  wheel_radius: 56.611898377819024
1:
  angle_error_deg: 1.387734522526706
  angle_error_rad: 0.024220536561682438
  steer_point: [215.4874737753669, -124.6527493275192]
  wheel_offset: 20.830884122006413
  wheel_radius: 55.86499281780367
2:
  angle_error_deg: 0.7226091612199612
  angle_error_rad: 0.012611909068362848
  steer_point: [-216.7272495963535, -125.55352452385344]
  wheel_offset: 19.97325654785463
  wheel_radius: 55.31348002303717
3:
  angle_error_deg: 4.129993317186018
  angle_error_rad: 0.07208198147025852
  steer_point: [-214.60620812375885, 127.68829627809362]
  wheel_offset: 20.487219678696107
  wheel_radius: 55.43342224210074
